0.00000 0.00000 0.00000     nan     nan     nan 
0.01010 0.01474 0.00144 161.84889 12947.91111 0.83699 
0.02020 0.02084 0.00203 114.44445 9155.55575 0.59184 
0.03030 0.02552 0.00249 93.44350 7475.47997 0.48323 
0.04040 0.02947 0.00287 80.92444 6473.95556 0.41849 
0.05051 0.03295 0.00321 72.38102 5790.48188 0.37431 
0.06061 0.03610 0.00352 66.07453 5285.96258 0.34170 
0.07071 0.03899 0.00380 61.17313 4893.85040 0.31635 
0.08081 0.04168 0.00406 57.22222 4577.77788 0.29592 
0.09091 0.04421 0.00431 53.94963 4315.97037 0.27900 
0.10101 0.04660 0.00454 51.18111 4094.48901 0.26468 
0.11111 0.04888 0.00476 48.79928 3903.94209 0.25236 
0.12121 0.05105 0.00497 46.72175 3737.73998 0.24162 
0.13131 0.05313 0.00518 44.88881 3591.10442 0.23214 
0.14141 0.05514 0.00537 43.25594 3460.47480 0.22369 
0.15152 0.05708 0.00556 41.78920 3343.13627 0.21611 
0.16162 0.05895 0.00574 40.46222 3236.97778 0.20925 
0.17172 0.06076 0.00592 39.25412 3140.32972 0.20300 
0.18182 0.06252 0.00609 38.14815 3051.85192 0.19728 
0.19192 0.06424 0.00626 37.13068 2970.45453 0.19202 
0.20202 0.06590 0.00642 36.19051 2895.24094 0.18716 
0.21212 0.06753 0.00658 35.31832 2825.46585 0.18265 
0.22222 0.06912 0.00674 34.50630 2760.50392 0.17845 
0.23232 0.07067 0.00689 33.74783 2699.82610 0.17452 
0.24242 0.07220 0.00703 33.03727 2642.98129 0.17085 
0.25253 0.07368 0.00718 32.36978 2589.58222 0.16740 
0.26263 0.07514 0.00732 31.74118 2539.29429 0.16415 
0.27273 0.07657 0.00746 31.14783 2491.82666 0.16108 
0.28283 0.07798 0.00760 30.58657 2446.92520 0.15818 
0.29293 0.07936 0.00773 30.05458 2404.36673 0.15542 
0.30303 0.08072 0.00786 29.54943 2363.95433 0.15281 
0.31313 0.08205 0.00799 29.06892 2325.51349 0.15033 
0.32323 0.08336 0.00812 28.61111 2288.88894 0.14796 
0.33333 0.08466 0.00825 28.17428 2253.94202 0.14570 
0.34343 0.08593 0.00837 27.75686 2220.54844 0.14354 
0.35354 0.08718 0.00849 27.35746 2188.59643 0.14148 
0.36364 0.08842 0.00862 26.97481 2157.98519 0.13950 
0.37374 0.08964 0.00873 26.60779 2128.62347 0.13760 
0.38384 0.09084 0.00885 26.25536 2100.42854 0.13578 
0.39394 0.09203 0.00897 25.91656 2073.32510 0.13403 
0.40404 0.09320 0.00908 25.59056 2047.24450 0.13234 
0.41414 0.09436 0.00919 25.27655 2022.12399 0.13072 
0.42424 0.09551 0.00931 24.97383 1997.90606 0.12915 
0.43434 0.09664 0.00942 24.68172 1974.53793 0.12764 
0.44444 0.09775 0.00952 24.39964 1951.97104 0.12618 
0.45455 0.09886 0.00963 24.12701 1930.16063 0.12477 
0.46465 0.09995 0.00974 23.86332 1909.06534 0.12341 
0.47475 0.10103 0.00984 23.60809 1888.64694 0.12209 
0.48485 0.10210 0.00995 23.36087 1868.86999 0.12081 
0.49495 0.10316 0.01005 23.12127 1849.70159 0.11957 
0.50505 0.10420 0.01015 22.88889 1831.11115 0.11837 
0.51515 0.10524 0.01025 22.66338 1813.07021 0.11720 
0.52525 0.10627 0.01035 22.44440 1795.55221 0.11607 
0.53535 0.10729 0.01045 22.23165 1778.53237 0.11497 
0.54545 0.10829 0.01055 22.02484 1761.98753 0.11390 
0.55556 0.10929 0.01065 21.82370 1745.89598 0.11286 
0.56566 0.11028 0.01075 21.62797 1730.23740 0.11185 
0.57576 0.11126 0.01084 21.43741 1714.99272 0.11086 
0.58586 0.11223 0.01094 21.25180 1700.14402 0.10990 
0.59596 0.11320 0.01103 21.07093 1685.67445 0.10897 
0.60606 0.11415 0.01112 20.89460 1671.56814 0.10805 
0.61616 0.11510 0.01121 20.72263 1657.81014 0.10717 
0.62626 0.11604 0.01131 20.55483 1644.38636 0.10630 
0.63636 0.11697 0.01140 20.39104 1631.28347 0.10545 
0.64646 0.11789 0.01149 20.23111 1618.48889 0.10462 
0.65657 0.11881 0.01158 20.07488 1605.99072 0.10382 
0.66667 0.11972 0.01167 19.92222 1593.77768 0.10303 
0.67677 0.12063 0.01175 19.77299 1581.83911 0.10225 
0.68687 0.12152 0.01184 19.62706 1570.16486 0.10150 
0.69697 0.12241 0.01193 19.48432 1558.74533 0.10076 
0.70707 0.12330 0.01201 19.34464 1547.57138 0.10004 
0.71717 0.12417 0.01210 19.20793 1536.63434 0.09933 
0.72727 0.12505 0.01218 19.07407 1525.92596 0.09864 
0.73737 0.12591 0.01227 18.94298 1515.43837 0.09796 
0.74747 0.12677 0.01235 18.81455 1505.16409 0.09730 
0.75758 0.12762 0.01244 18.68870 1495.09599 0.09665 
0.76768 0.12847 0.01252 18.56534 1485.22727 0.09601 
0.77778 0.12931 0.01260 18.44439 1475.55141 0.09538 
0.78788 0.13015 0.01268 18.32578 1466.06224 0.09477 
0.79798 0.13098 0.01276 18.20942 1456.75381 0.09417 
0.80808 0.13181 0.01284 18.09526 1447.62047 0.09358 
0.81818 0.13263 0.01292 17.98321 1438.65679 0.09300 
0.82828 0.13345 0.01300 17.87322 1429.85758 0.09243 
0.83838 0.13426 0.01308 17.76522 1421.21788 0.09187 
0.84848 0.13506 0.01316 17.65916 1412.73292 0.09132 
0.85859 0.13587 0.01324 17.55498 1404.39814 0.09078 
0.86869 0.13666 0.01332 17.45261 1396.20916 0.09025 
0.87879 0.13746 0.01339 17.35202 1388.16178 0.08973 
0.88889 0.13824 0.01347 17.25315 1380.25196 0.08922 
0.89899 0.13903 0.01355 17.15595 1372.47583 0.08872 
0.90909 0.13981 0.01362 17.06037 1364.82967 0.08823 
0.91919 0.14058 0.01370 16.96637 1357.30989 0.08774 
0.92929 0.14135 0.01377 16.87391 1349.91305 0.08726 
0.93939 0.14212 0.01385 16.78295 1342.63584 0.08679 
0.94949 0.14288 0.01392 16.69344 1335.47506 0.08633 
0.95960 0.14364 0.01400 16.60535 1328.42765 0.08587 
0.96970 0.14439 0.01407 16.51863 1321.49064 0.08542 
0.97980 0.14514 0.01414 16.43326 1314.66119 0.08498 
0.98990 0.14589 0.01421 16.34921 1307.93654 0.08455 
1.00000 0.14663 0.01429 16.26643 1301.31403 0.08412 
