0.00000 0.00000 0.00000 0.00000 0.00000 
0.00101 0.00063 0.00015 0.00373 0.00005 
0.00202 0.00090 0.00021 0.00527 0.00008 
0.00303 0.00110 0.00025 0.00645 0.00009 
0.00404 0.00127 0.00029 0.00745 0.00011 
0.00505 0.00142 0.00033 0.00833 0.00012 
0.00606 0.00155 0.00036 0.00913 0.00013 
0.00707 0.00168 0.00039 0.00986 0.00014 
0.00808 0.00179 0.00042 0.01054 0.00015 
0.00909 0.00190 0.00044 0.01118 0.00016 
0.01010 0.00200 0.00047 0.01179 0.00017 
0.01111 0.00210 0.00049 0.01236 0.00018 
0.01212 0.00219 0.00051 0.01291 0.00019 
0.01313 0.00228 0.00053 0.01344 0.00019 
0.01414 0.00237 0.00055 0.01394 0.00020 
0.01515 0.00245 0.00057 0.01443 0.00021 
0.01616 0.00253 0.00059 0.01491 0.00021 
0.01717 0.00261 0.00061 0.01537 0.00022 
0.01818 0.00269 0.00062 0.01581 0.00023 
0.01919 0.00276 0.00064 0.01624 0.00023 
0.02020 0.00283 0.00066 0.01667 0.00024 
0.02121 0.00290 0.00067 0.01708 0.00024 
0.02222 0.00297 0.00069 0.01748 0.00025 
0.02323 0.00304 0.00071 0.01787 0.00026 
0.02424 0.00310 0.00072 0.01826 0.00026 
0.02525 0.00317 0.00074 0.01863 0.00027 
0.02626 0.00323 0.00075 0.01900 0.00027 
0.02727 0.00329 0.00076 0.01936 0.00028 
0.02828 0.00335 0.00078 0.01972 0.00028 
0.02929 0.00341 0.00079 0.02007 0.00029 
0.03030 0.00347 0.00081 0.02041 0.00029 
0.03131 0.00353 0.00082 0.02075 0.00030 
0.03232 0.00358 0.00083 0.02108 0.00030 
0.03333 0.00364 0.00085 0.02141 0.00031 
0.03434 0.00369 0.00086 0.02173 0.00031 
0.03535 0.00375 0.00087 0.02205 0.00032 
0.03636 0.00380 0.00088 0.02236 0.00032 
0.03737 0.00385 0.00090 0.02267 0.00032 
0.03838 0.00390 0.00091 0.02297 0.00033 
0.03939 0.00396 0.00092 0.02327 0.00033 
0.04040 0.00401 0.00093 0.02357 0.00034 
0.04141 0.00406 0.00094 0.02386 0.00034 
0.04242 0.00411 0.00095 0.02415 0.00035 
0.04343 0.00415 0.00097 0.02444 0.00035 
0.04444 0.00420 0.00098 0.02472 0.00035 
0.04545 0.00425 0.00099 0.02500 0.00036 
0.04646 0.00430 0.00100 0.02528 0.00036 
0.04747 0.00434 0.00101 0.02555 0.00037 
0.04848 0.00439 0.00102 0.02582 0.00037 
0.04949 0.00443 0.00103 0.02609 0.00037 
0.05051 0.00448 0.00104 0.02635 0.00038 
0.05152 0.00452 0.00105 0.02661 0.00038 
0.05253 0.00457 0.00106 0.02687 0.00039 
0.05354 0.00461 0.00107 0.02713 0.00039 
0.05455 0.00465 0.00108 0.02739 0.00039 
0.05556 0.00470 0.00109 0.02764 0.00040 
0.05657 0.00474 0.00110 0.02789 0.00040 
0.05758 0.00478 0.00111 0.02814 0.00040 
0.05859 0.00482 0.00112 0.02838 0.00041 
0.05960 0.00487 0.00113 0.02863 0.00041 
0.06061 0.00491 0.00114 0.02887 0.00041 
0.06162 0.00495 0.00115 0.02911 0.00042 
0.06263 0.00499 0.00116 0.02934 0.00042 
0.06364 0.00503 0.00117 0.02958 0.00042 
0.06465 0.00507 0.00118 0.02981 0.00043 
0.06566 0.00511 0.00119 0.03005 0.00043 
0.06667 0.00515 0.00120 0.03028 0.00043 
0.06768 0.00519 0.00120 0.03051 0.00044 
0.06869 0.00522 0.00121 0.03073 0.00044 
0.06970 0.00526 0.00122 0.03096 0.00044 
0.07071 0.00530 0.00123 0.03118 0.00045 
0.07172 0.00534 0.00124 0.03140 0.00045 
0.07273 0.00538 0.00125 0.03162 0.00045 
0.07374 0.00541 0.00126 0.03184 0.00046 
0.07475 0.00545 0.00127 0.03206 0.00046 
0.07576 0.00549 0.00127 0.03227 0.00046 
0.07677 0.00552 0.00128 0.03249 0.00047 
0.07778 0.00556 0.00129 0.03270 0.00047 
0.07879 0.00559 0.00130 0.03291 0.00047 
0.07980 0.00563 0.00131 0.03312 0.00047 
0.08081 0.00567 0.00132 0.03333 0.00048 
0.08182 0.00570 0.00132 0.03354 0.00048 
0.08283 0.00574 0.00133 0.03375 0.00048 
0.08384 0.00577 0.00134 0.03395 0.00049 
0.08485 0.00581 0.00135 0.03416 0.00049 
0.08586 0.00584 0.00136 0.03436 0.00049 
0.08687 0.00587 0.00137 0.03456 0.00050 
0.08788 0.00591 0.00137 0.03476 0.00050 
0.08889 0.00594 0.00138 0.03496 0.00050 
0.08990 0.00598 0.00139 0.03516 0.00050 
0.09091 0.00601 0.00140 0.03536 0.00051 
0.09192 0.00604 0.00140 0.03555 0.00051 
0.09293 0.00608 0.00141 0.03575 0.00051 
0.09394 0.00611 0.00142 0.03594 0.00052 
0.09495 0.00614 0.00143 0.03613 0.00052 
0.09596 0.00617 0.00143 0.03632 0.00052 
0.09697 0.00621 0.00144 0.03651 0.00052 
0.09798 0.00624 0.00145 0.03670 0.00053 
0.09899 0.00627 0.00146 0.03689 0.00053 
0.10000 0.00630 0.00146 0.03708 0.00053 
